1.856824309 5.163308636
-6.049344617 3.902034041
-14.189160920 -2.224533932
-21.214285676 10.846583841
-21.236581220 10.842686218
-21.234746810 10.832470342
-12.694366075 -2.205736912
-21.217060179 10.862030537
-12.847570663 -2.094925844
-12.725843493 -1.815323628
-13.403866230 -1.232500215
-22.845060826 9.652570223
-22.830938713 7.648909827
-22.817014278 8.572153565
-13.296982958 -1.934907282
-22.795641152 9.709061487
-22.810612607 7.980980580
-10.833876128 -1.457676302
-22.813879496 8.441809046
-12.495418779 -0.212376756
-11.195656964 -1.606729631
-24.759411638 2.183690291
-24.714305794 2.962263309
-12.297856380 -0.849814966
6.861219462 -0.611867939
-20.217691818 2.591595048
6.722923132 0.523709106
-18.988587745 1.250891417
13.107023934 -13.620369269
-1.071266145 -10.588783590
2.051175525 8.995500416
-19.529719388 1.780975567
5.727818948 -6.116835469
1.255399833 5.240273270
7.997542835 -0.916593086
14.670229920 -15.518133230
8.571906312 -0.200543101
9.654482151 -12.325935268
-12.671444220 -11.860189511
-8.494161695 1.887206957
5.145582011 13.710481228
-8.717590440 5.571332381
-3.570722659 -3.133230261
1.846702393 -18.011048794
-12.153200315 10.193786818
-13.853933172 -9.978463363
1.309444075 -1.061798932
-14.189990807 5.365852555
-3.515620829 -3.055397590
3.511447010 1.282233924
8.200844157 -5.668315238
9.168128647 1.087144353
11.298360737 15.490878391
-1.638531740 -0.842480792
-13.120804367 -9.269587855
17.117698425 6.062846993
0.187528487 -12.130083863
-13.431170314 -10.317991698
17.308783862 12.408143535
-6.839163515 8.940887440
0.434861117 -1.927159693
17.692155713 8.293155421
13.422936954 -14.690162673
12.077603248 -9.731307002
-9.994717314 16.567231115
17.537145174 11.371320217
-10.979467682 -10.971016000
-0.884070843 -9.168467368
0.482601352 -7.756227280
-7.162397440 7.951401848
-8.987584199 8.305680457
-14.149863186 -6.170774960
8.352170653 15.861757462
2.715412978 1.744247732
-14.159580774 -11.498216892
-7.115601475 -12.777625988
-21.927202685 3.125480087
1.076228399 -8.328813217
-9.773130415 1.408171693
-17.470676374 -2.496871747
-1.909924256 13.961163913
-1.635938261 13.931758160
-22.789829821 2.361281755
1.605933151 0.110710735
-7.163628048 9.297707855
9.871582793 15.676631392
-10.529212381 16.123185997
-9.431825129 0.993808583
-15.706122711 -7.761671825
-12.922694413 -5.521228826
8.689663115 -17.234103374
-20.332515924 -7.046512284
-17.635311361 -5.547514492
-7.273719526 -2.878383291
18.009084896 7.642639375
-2.920014129 -14.399970968
-16.686396063 7.493054866
13.917844529 7.420105353
-13.073497385 -7.353805445
-20.198349439 -7.241423821
10.043409819 9.572129397
22.616054974 7.449964661
11.114970424 6.948701804
17.365580182 11.137933038
17.873849310 7.004278774
-9.795229019 -10.324209634
5.209118696 -6.789430416
-14.866570688 -6.443533248
-18.746900906 -5.564854849
17.927440476 9.260873675
8.989381107 15.713930090
0.317825076 -10.177046858
-17.000411069 -1.099033287
-20.708139034 -3.475639410
15.142600586 1.488169419
-0.516853658 -1.553096164
17.598858382 12.584315131
-22.769279924 2.666307247
20.891609156 7.384989361
2.640645988 8.332595740
16.879705449 5.762612196
11.975247706 7.910494450
-22.648026185 2.656011658
8.122226546 -7.271687251
13.044343278 1.557132867
20.620274724 6.951282588
9.711709571 10.539950087
-22.485714108 2.291953696
10.181176011 9.213665551
2.936242645 -10.599385784
11.799385460 7.067285952
12.461366738 -10.553441046
-4.949874673 -15.681150632
-0.908035054 -0.728845239
12.507854630 7.754420087
-20.711280415 -7.299264407
-14.133086267 -5.964631846
16.674810809 6.405176284
-12.863530551 1.276389285
-13.290432252 5.422386030
9.528824365 1.363486449
-17.160692816 7.766862825
15.499612111 -12.903476095
-15.532722207 -5.059793444
-4.686737229 -6.202425218
-0.540178133 -10.634605341
-1.197562169 -9.114549924
20.593128176 8.567185823
10.860912354 -16.617321674
2.207363976 2.470935633
-14.578023665 11.000462080
8.197741956 12.707538124
-16.954346472 7.340826832
-12.294227475 -10.431294677
7.435963113 -10.946329293
-9.993835496 6.900646530
11.811371335 -8.705988695
12.919003808 9.576205150
17.772350874 12.679175774
-2.625218054 -1.984255673
16.384633951 7.605268589
22.701310434 4.984172792
-8.562224631 -5.210047193
-3.132919108 -12.590724025
-5.117605234 1.542158494
-1.268376108 1.555572797
-9.779865509 1.419252092
3.292227798 9.364025939
-2.980316060 -9.513052941
-22.782141173 2.023530545
11.165596209 -14.493538309
16.733361135 7.943313351
-22.739439587 3.248907359
9.472640034 16.327646314
12.039942907 15.525037217
1.200133278 -1.904241407
-17.487917848 1.484965855
-11.525852046 -11.057918243
-10.336973280 -11.997676710
-1.907388271 -7.878720091
16.319491314 5.606078726
-1.288397476 -8.420228924
-9.493050237 18.178858336
16.468691974 7.651642862
12.235272201 2.514038697
5.203379266 -13.465139040
-2.881008757 -9.634943104
3.149544177 11.418157520
-7.636905493 -15.657272799
-9.687722197 6.902545295
-16.257876557 7.989627410
-16.992346886 8.282524586
5.971658606 -11.168848596
8.418439693 11.072054165
-6.143334996 8.560919465
22.069423722 8.318113963
-9.220073234 8.406251234
4.355873413 -5.160316362
6.450393180 -15.743040703
-16.534122253 4.657210891
-8.688204298 -13.215586632
-19.592934604 -5.932250080
20.303145994 7.987828521
5.606812012 5.418044070
4.274961383 -19.318079375
-2.844201556 14.405817951
13.798001174 -10.192087586
11.991931443 -10.213721337
8.936886456 11.024943657
13.120395339 -11.689148444
12.985839750 -10.912994434
12.926326842 -11.694761075
13.795060799 -12.597866076
5.637933630 -9.998214377
7.843637979 13.453837372
-10.038051740 -16.946042711
11.583790580 -0.129575793
12.121208037 9.331729572
-8.611634965 3.552759019
15.461671142 6.955808189
-7.071925135 13.202727982
8.232871507 -13.281325530
12.749310832 6.100774091
1.537017505 -0.927223415
7.095990694 -10.309907747
-9.962846632 -14.266153837
11.725213631 -15.190187218
3.483250321 -6.593495642
5.806174566 -8.143792591
-18.192299061 0.310184184
-5.094259546 -15.934332693
10.334049502 11.623872616
-5.204968202 -7.611687864
5.473342031 11.351305484
-11.386291064 -6.066888233
1.489031708 6.967270432
-7.288969653 -3.091579560
11.935806370 5.398899208
-11.701987042 -8.982705093
12.946400950 13.877326462
-5.751137634 -9.010283843
11.182437211 -6.476231894
13.416909985 -9.832019292
12.588254983 -9.784159838
-8.438023661 15.687842091
-1.611310969 -15.395795039
-2.185894234 -5.748545695
-10.000174854 16.234610044
-7.209585904 -15.841226337
4.378821649 5.918092932
-8.754015730 -15.868798470
-0.920197431 4.845462375
-14.718267210 -7.226518941
16.274966339 3.100373300
13.185873379 11.235246399
-0.379875048 10.344486679
-22.323488979 1.519298708
2.897865397 3.359074560
12.960691386 -14.322521149
15.303391866 13.384750854
1.391894699 -12.556311505
16.394743219 2.811916227
8.620275041 14.144064220
2.382265847 -0.619455048
14.091006576 -8.059446480
3.096515020 6.803459937
-3.836782327 -11.853337597
1.160887353 9.337069418
20.152643683 10.766197496
-5.094952401 4.299861218
10.976475315 -13.160899638
-10.107239770 9.105126725
18.181645798 4.752144632
-5.438657508 -15.762357452
-15.677133282 4.415972077
6.393785821 -1.522826917
15.386644888 8.451168702
8.156152257 -2.924204080
-0.846328824 14.765129367
2.692249729 13.987219048
-3.842162061 11.157509111
16.395519032 2.418676612
9.766862420 3.192712104
-1.140239131 -0.991493719
10.295694236 1.663711518
0.589714083 -5.345580578
3.757836903 -10.498731691
0.228146309 -5.716559235
-2.213178576 -11.836008504
-4.554170596 -0.549270120
-9.374384891 -17.245002148
14.466091655 -12.333335292
18.860013692 12.008697987
-4.785100516 -13.747972656
-10.183075012 -11.185161441
16.556066819 1.599609842
0.114147460 -3.370647745
0.670763168 -6.651505095
-16.458681441 4.787905757
6.371123579 -0.879920910
4.791500920 -2.090363554
-7.070337489 -5.882047197
12.233645560 -13.780055464
-19.209597880 -5.709807360
11.611948518 -2.340220719
3.242286903 -6.657112676
-9.329482563 -12.451261117
-9.073097300 2.559215309
-11.495927492 -15.102259844
-9.997189878 1.837038865
-10.353078346 -15.196595453
-21.619094435 2.523758174
6.695435594 -3.262523682
-7.823232137 -4.236076303
-2.730908222 -15.662965110
11.236951230 0.816800667
2.901131318 -5.704934677
13.765231417 2.185927738
10.659296975 -16.216971120
-8.333154291 0.005075021
13.787018601 4.195190222
19.298071597 3.292486303
-10.166346344 16.244313241
4.275698551 -4.640049051
25.042501186 4.961473932
11.462134788 13.068916337
7.250560451 -9.991823809
14.876589093 6.316166119
9.997938802 10.101807859
-14.234355112 -7.155188883
-14.275418599 -0.578934789
-7.342637093 -4.936795465
18.152056754 11.655596886
15.205498429 4.898947664
0.575964533 16.669407313
9.882553036 -4.002469345
15.995124423 3.507486665
3.021004323 2.852348282
11.972329123 5.498803164
-3.339662028 6.495342492
6.302012716 11.790225194
18.339711563 4.548798784
9.929405034 1.655805786
7.360629017 7.002525716
-17.540008387 4.457088803
3.392887074 8.701249619
-15.199404130 -6.755403968
-6.988241074 -14.545727416
13.135242641 -14.548939189
-8.008124765 -5.453868444
18.004764427 9.328155969
16.653267782 6.791482846
-21.897672666 2.567795143
12.552963071 -13.765709036
12.408548474 -10.541812938
-1.413570351 14.261872824
-2.600760342 6.551968986
14.853957411 -10.715868712
17.772123215 -1.014378588
9.675250141 13.655258790
8.715073246 12.400729536
-0.281543946 -11.042597686
15.080585531 13.528799242
5.733307912 -5.176968853
8.112242738 -15.755169390
-1.307660751 -0.694552979
2.072821739 1.219114854
-3.750116317 -3.437052209
-18.196525737 -7.961789211
1.304305073 -12.592628127
13.706651580 8.801564308
17.770907278 12.383172506
22.163526467 8.845036569
-0.097765069 -11.883614955
5.834664077 -5.893027972
14.383538109 9.939633292
8.623718213 -6.069006612
7.915405321 -5.969851250
11.016315138 -15.969008467
-8.356284561 -15.460592152
-10.088215972 -17.161290589
4.310829071 -1.281802289
3.699875834 4.141655326
3.196525352 8.837260360
-13.810483387 2.152796597
-8.574239672 9.421083383
-11.258479507 9.379853402
-13.346601634 -7.315960447
20.655934377 6.944493374
-9.830654007 2.778142301
-3.587674464 1.709683476
-5.715316291 -8.607176509
11.834949510 -13.417873924
10.242925152 8.673305877
21.752771357 8.418329311
-18.978796709 -6.730585126
-8.490270297 6.153862518
-7.150711336 10.989867518
-8.756416831 10.884508404
-15.036732535 -12.708046128
-6.809633155 10.125988632
22.963923449 7.849202120
7.659968354 7.950858383
-4.422327033 -7.542102372
7.594839615 -8.683317895
16.279299904 5.049842693
-0.517540294 9.430616522
9.091162687 15.005632328
-6.690884713 6.707105944
-9.732541325 -10.559908305
-2.089651656 -7.151057785
0.432247043 -8.015690686
-12.683132236 1.704351180
-6.755379368 -13.111331103
17.588946211 -1.334425445
13.403702520 6.821355048
-13.466307437 2.067394270
10.760538867 -15.816965708
6.990757564 -1.466308827
11.730761645 -2.179479128
-14.857735973 10.813437550
-1.995818568 8.118333823
17.761816937 10.492621300
14.207324910 1.555713100
-15.533164757 -7.827280240
9.420855472 15.203472724
4.563930854 -2.260964528
12.316105971 -11.511078316
6.874266460 -10.458601550
5.574607734 13.369590483
-13.263285343 -8.320713262
8.926322787 -5.892533174
7.115153272 -2.732173657
-10.659484511 9.306287926
6.651676742 -7.033854186
-0.813824293 -2.500754753
-2.298684126 8.125260691
-12.658472656 -12.148007201
-7.270847294 8.119252361
-12.475648632 -11.391082924
3.811417918 3.360981128
12.974606234 -10.216373132
13.070411978 8.192997759
10.811076523 1.814262506
17.788294062 12.350719958
7.528257041 -6.665015647
-9.566716619 -17.494377189
1.748020404 4.626036658
11.403973011 -15.084810632
12.717987123 -15.047910585
1.196092704 3.577373579
17.218991571 5.301553470
9.411729515 15.254628505
-22.559495077 1.818809300
-13.593123718 -11.501514646
-14.592567317 2.370926198
-8.982905244 -14.156470225
-7.894945037 8.501244126
10.061000574 15.971074623
-9.457404234 -6.396099902
-15.875744662 -6.331330333
11.755791521 9.525474094
11.466432766 7.749082765
14.319594295 -16.787238383
-10.174866458 16.253692752
-17.776066867 -1.696287185
17.806036076 -1.031930501
5.732392775 -2.036485842
-10.096332828 16.183768144
-10.096498565 16.482989908
-1.553692269 16.476873173
-1.768888301 14.474263413
-5.556279583 11.054840656
0.187336836 -10.658214888
-7.075374064 11.432138721
-12.825666856 -12.045543932
-4.442087513 12.737698253
-5.252946815 -8.021731552
-2.095783029 8.141109433
-2.090920468 7.699872414
17.748688737 -1.101781766
-4.661112686 -13.599128384
2.913450077 -5.723588694
-10.582363947 -10.754502282
9.735475297 -5.090603788
8.465870240 13.000629807
7.819937713 7.395472053
-10.015912322 9.916872692
-6.011601087 10.108327679
-7.068330003 -5.738706743
-7.555116691 -4.641185201
-14.941881718 10.391744350
6.470950385 -11.631102746
-8.531576139 -16.254728824
-8.891047815 15.851327043
14.906990325 8.013881423
7.393002876 7.467789331
-9.025681690 -16.133483998
-1.087655278 -5.503297793
-0.630334958 -5.747632598
9.450684292 -13.457803782
-14.574058244 -9.725664846
11.045369899 -3.838893665
-2.165855821 12.147651664
8.187556143 -6.707183775
19.742602642 7.460801908
4.588764427 3.502991748
11.903428165 -13.271435407
13.205768047 -15.108155417
-20.897446900 -6.226387561
-21.313381045 1.547256428
-20.537698469 -0.348402982
-21.132173155 -1.144496032
-19.773541017 -2.526934323
-19.153384323 0.057463704
-20.786414186 -1.038449005
-12.608308337 10.892707927
1.433795851 -17.936256115
5.145845644 -1.357158820
3.332947820 -0.074372867
3.289152845 0.655144516
2.134238429 -10.890329164
13.438380767 -14.922851903
1.130667911 -8.494557535
9.176851727 15.380865175
-13.380633530 12.861118205
9.201159413 -11.564526660
-21.695317525 2.917316450
-16.966922413 7.096059491
-16.691924333 8.006841767
-16.654175849 7.885081651
-17.075552873 7.693071242
-17.032928410 7.899086262
-17.264749035 8.139664523
-17.143474729 7.985426664
-16.792487608 8.182559352
-17.277959281 -0.184430413
-14.411126764 10.211667381
-3.785535305 -3.864369355
16.945362214 8.511879982
10.233342294 6.263959203
-14.500471212 -9.451515008
4.228788654 1.899790324
13.841887184 -15.093518050
18.941351665 8.556585505
-16.217564198 -3.961727957
9.487752378 9.011772797
-8.017537727 -16.677583194
-11.084621681 -13.024872483
17.967962122 8.297501702
22.903743787 5.294299715
16.980853256 12.927788894
-7.779598192 1.555921780
-22.244094965 3.219955843
-21.696389890 3.041579165
-10.634233112 16.210705677
16.530398474 6.638769168
-12.335886588 7.933991309
-0.639023379 15.345706388
3.062762544 7.300013493
2.260675237 -0.083768519
4.501226728 3.818471469
-6.868750392 11.435401867
-5.071015295 12.320327200
-4.976800272 12.314979767
-10.246238738 16.514277922
5.894197361 -6.571431032
-1.827599904 -11.778456425
4.999077968 -5.615095150
12.993825982 -12.811946590
2.016869607 -5.690167134
6.714517859 4.107471989
4.456375910 -7.235325872
-14.463234887 -0.361422083
9.047155372 14.272224799
-1.261170249 15.503774725
-1.477282951 16.587217696
13.037788909 13.466106426
10.115776711 13.578687601
9.150181759 -2.931669729
-2.560718700 15.054427121
-2.357757736 7.901001211
-11.651297148 -6.283823303
12.801681410 13.852377970
13.005829774 -15.976796923
14.793556989 -15.563007118
-22.000153947 2.717021180
-2.983404994 7.605366470
-7.195677369 -15.631046149
18.923078652 8.557611762
-1.365516596 13.847881269
-2.299974325 3.947317090
-7.454560176 9.004771699
-1.773589314 8.747138598
0.207222444 -12.092076477
-10.201300665 9.969467477
-11.204741390 9.749512507
13.094633424 11.726881375
10.377672994 15.713515896
-6.794958285 11.390991208
-4.067909400 -12.911855247
-5.616263102 -10.827098772
-8.099669455 15.606929786
-14.835915781 5.601524557
5.543446035 -5.886355548
-9.637638356 -9.793064752
-19.910519483 -3.744223564
-2.048115101 -11.766494835
3.859131012 8.541528554
4.237878904 -17.900403279
9.753818914 6.875500646
1.130077418 5.891025726
3.939033979 1.680844504
-18.502213000 -5.489830622
-5.496492527 -15.619433659
-4.876973529 -0.744195769
22.105875990 7.134777571
0.621313316 -10.805409257
-18.620496644 0.240107082
7.752356371 -3.599533596
-0.788256248 4.781858271
-9.963805119 -15.219266246
-14.847000800 -12.239026790
-8.821143369 0.461692953
19.262326867 3.331173591
3.685222827 -5.336064630
-13.965101275 -10.818143075
-12.456376044 10.561338849
10.990660382 -4.365969619
6.646548241 3.354472757
4.481211282 -4.852748341
14.007914776 -9.389648484
-1.912149342 14.908608484
-15.682134072 -6.268403643
13.045938429 -11.577334064
-15.638730214 8.211487622
-15.027684679 10.010567377
-22.263746238 2.444387180
9.728771752 -15.327660150
-5.335037890 10.235128125
7.121610798 5.454151059
9.432102080 14.713793822
-9.252921466 7.789993836
-9.125674418 1.960210367
1.602356959 14.911323904
-20.380810739 -7.254466431
-14.723857112 3.534200644
-14.107354838 -7.572912324
8.512087718 -3.302929862
-10.300206616 16.253853618
6.052303578 -4.287247229
2.031504959 4.824743766
17.685358389 13.060543083
-10.759063634 -5.619320851
12.611464726 -7.975139086
-7.117755688 11.444942331
-10.103626886 1.665138292
-10.338991900 16.282692539
15.774033305 1.381696146
6.936941039 -1.702700761
12.541400753 15.623730716
-21.636855766 0.750240224
10.781885725 -9.290387199
13.470780944 -14.005885993
12.971952678 -13.862922946
13.865773526 -14.128404118
3.174450528 -10.109766575
20.776326270 8.180413341
7.789046835 -0.068153160
-12.846435897 5.563044506
5.345049673 9.032738586
9.676959467 14.878848776
7.881460684 -2.575165327
-7.856924869 9.128742683
10.608187233 -9.047712941
11.735724512 8.114243351
12.536196330 7.179957023
16.030502213 6.956844106
9.604201560 8.129040848
10.904236745 2.753082684
14.016499405 -5.324570583
14.689312731 5.024480312
2.987869555 -8.630574611
-6.772077176 -13.835725926
-9.585411866 7.194890395
-10.210925469 -11.819507957
-3.006400043 2.821472371
0.169817097 9.085362603
9.167247606 16.436208260
-13.874844217 -10.263240040
20.032076497 10.788378137
-0.727774560 14.134482909
1.021837697 -3.907479007
7.662811082 13.357980148
12.523670160 14.185060912
7.086962364 -2.884311164
12.635400279 -0.774948224
1.190523367 -2.043521106
-1.195529430 -1.693553692
1.171535322 4.064345733
-2.243473037 5.136879612
-1.243824644 14.865508096
17.308819414 11.807983734
13.590156701 9.827513439
6.102008433 11.812679031
1.970078646 -6.769212685
1.970205689 -3.906542281
16.386222445 12.137562937
14.306390379 -16.497867310
9.802728803 8.622755536
9.087054706 -0.709158756
-2.363868618 16.118261131
-22.739403718 1.417400565
1.346982549 -8.764226512
-15.228826923 -8.175970104
-6.289477917 -9.041817493
-11.295724808 -11.963576536
-9.312428508 -15.874702562
-11.742324074 -12.322239340
-8.220442392 -14.952915618
11.213941376 14.593699117
1.665180236 -17.963120815
-22.228356707 3.500774490
-13.926787380 -6.866179264
17.954261492 7.692414867
-1.915260443 -15.415408452
6.370186531 -10.281646847
-0.212959022 10.802029249
4.473542257 7.225164424
8.156391657 -1.693302552
-9.602426738 -17.364347035
-17.251558674 2.372720924
-5.644695571 -8.165767201
6.452476822 3.559779540
8.087092382 4.366274077
11.706981837 -0.462795872
8.597639671 -10.384344560
8.866879382 -5.203774974
0.884375774 -3.797169139
13.573287648 -11.167333400
8.210028455 -1.935100906
5.227831164 -7.885368151
-7.725611873 -14.077641414
7.399811195 -0.645685611
-3.454020755 -15.862733631
13.303387030 14.103688619
13.236285898 13.697366882
13.102738087 13.318246062
-11.798290877 4.700065029
8.909649697 -8.980653585
4.359960145 4.179124378
-17.941598547 6.497661962
-3.184041871 -13.145454608
5.264582079 -8.899185134
5.350023847 8.920198569
8.335677884 4.476291716
13.586233320 3.455042828
17.190854099 6.936680439
4.805454522 -2.660422995
-0.994283102 -5.580778803
20.874760486 8.127439160
-9.006749933 -14.637514914
3.540512875 10.239630940
-1.031172430 -8.254919317
-12.058272611 -12.581887529
-6.181267461 -10.138996964
-3.758466576 11.162209007
16.473978837 3.457331004
1.948683947 10.412081222
-10.090184981 8.766962554
-16.200932081 7.045651226
-8.350676123 5.807902050
6.559738022 11.566913600
-4.325501489 -11.501388887
-4.340445762 -11.349746539
-15.515935896 -9.131242678
-2.882156269 -10.016805674
-16.955893923 8.062082718
-3.020877600 -2.452659296
-14.495793085 -8.389531546
-11.769398523 -8.450975969
-9.046652912 -5.269623943
-20.402529100 -6.895204522
-19.992980185 -7.168373795
-20.285611806 -6.513222609
0.574415825 -11.236171077
10.525606416 7.818739931
10.035096799 13.096724553
-7.807337962 5.375430363
-8.199620345 10.876617180
17.078765433 5.742432213
-1.811588482 14.245547756
4.078606823 -18.369839781
-2.160949629 14.363983660
17.608808446 6.960468782
-20.202607319 -7.300335554
3.226931662 6.255572817
18.191942502 4.693242399
16.379875833 1.025259114
-20.215623877 -6.920376559
-20.654119940 -4.290994588
0.925964225 -2.733711851
3.865360482 -4.374064704
-3.559495079 -3.245308645
8.220197163 9.157687560
-15.539259296 0.554670698
-21.042111497 1.854535135
16.451326213 3.122253006
11.339026624 -14.624744429
1.395384471 6.394195602
19.024739643 9.106387812
2.936173414 -1.952977686
-13.840298461 -10.238769868
11.219475883 -4.181918077
-9.946179443 16.226261323
12.842347442 -14.136232951
11.668238936 -11.855299648
9.518780449 -7.959128024
-16.124130832 -4.080769591
11.954241899 -4.387739221
3.305037058 6.583785567
-17.186096048 6.637148915
-18.643224532 -0.009695777
12.033258646 7.886030912
11.392586327 4.419074201
8.950558260 -3.502903392
6.677500560 -1.159421035
2.798831777 -8.919692349
4.649260046 -3.277254998
15.610461345 3.577045123
0.380525728 16.386025657
9.351051053 -4.307910482
-6.508676130 -13.454817441
3.003120456 11.721805624
-14.369964464 -9.406642111
-14.287629489 -9.642134742
14.327978219 8.391143990
11.571087890 8.228808702
9.091423864 -7.371023586
7.227190716 -9.713074853
5.676559665 -11.117407098
0.712533392 -5.815037834
0.227231546 -3.571187104
13.648096472 -13.244539869
-1.580370422 15.010445579
-7.703809191 -14.849798936
2.668853507 -12.114162420
7.545820096 2.009968105
-9.527977637 8.777037707
-12.113340588 -8.855400739
-9.666257800 5.791370671
0.695824371 12.258373126
-4.059888828 8.620190328
-8.613660259 -13.579379651
2.977080089 2.533256977
11.564406419 4.734745297
10.888905676 -9.581056121
-5.894912560 -2.095875132
4.816369925 -0.755117355
2.334703570 9.207769312
-0.752154666 13.021945653
1.889632973 -11.913534308
-16.563552590 -0.396331015
10.563047074 -11.235444232
-20.691299912 -4.504787118
-0.385033686 12.478455914
-9.546205470 -15.966525294
-19.640217612 -8.252960557
8.649143962 14.229392577
11.349037048 -17.424123696
2.851766062 -11.070647596
4.417764955 12.824821042
4.458887846 2.539712176
13.948274317 -5.331840858
-19.867603624 -6.579806876
12.964018752 11.996855252
2.351554959 3.818098524
4.012873760 -7.317873705
2.138456114 -4.139803903
-8.365404463 13.366623437
-9.556857012 17.936823726
-21.373655800 3.676177365
1.896408520 10.775488391
5.529906582 -7.435516336
-7.866060599 -4.645417552
11.467131174 -12.148096318
-14.316425239 -6.700667340
-15.177259788 -6.141648237
10.087492456 -1.283041611
-1.486366007 -11.560494799
7.279790705 5.486149676
-11.984049250 -11.211458414
16.579617596 13.291039977
5.141005134 9.004605702
4.390989981 -18.075261934
-18.974472049 0.987274718
-1.479951154 -11.638200471
0.077660314 -10.701034605
-6.594630673 -15.507546248
4.676493905 -2.486105352
10.557244545 11.684156737
3.135188191 1.736995991
3.194169694 -13.637426516
-5.671152780 -10.746583851
-1.640460125 -7.885301418
-19.908711764 -3.438712017
-20.467489520 -7.403277329
3.859160318 6.729552307
4.272918177 -5.510647270
6.930870422 3.125526681
-0.182931717 -15.359453259
7.128332001 -0.831732497
9.219276478 -6.001050726
5.249036884 3.435647848
-13.009160031 5.883230694
-22.514208479 2.821132935
-17.940513567 0.264017713
-6.568282699 -10.705383179
9.343791923 -13.435115554
0.371694966 -12.641439461
-4.844092451 9.081592487
9.486795701 6.329421188
-8.708199235 -14.273850512
18.622891494 10.677292430
-10.353746918 8.825355011
-20.268957136 -6.403036392
-13.486024590 -9.155328805
-15.689109744 -8.413319607
-14.686872771 3.659973229
-3.863861321 -13.936462453
5.320947709 -9.941656460
1.356671320 6.368860415
-11.082594357 -0.936069877
-2.585723055 8.416093415
-4.004813615 4.285653124
0.290987167 7.752879506
-0.323197578 -5.664153963
-1.932292625 15.404866140
-2.005088812 14.476027067
5.756126983 -4.267114295
10.847325421 2.889970282
-22.243822752 -1.713217478
11.768672658 12.190400307
-3.775695998 -11.008282403
3.448924130 4.514326701
17.513729033 7.185702230
2.661248238 9.282779098
-0.464153607 12.323348673
-0.500676575 15.836590572
8.245690315 -2.796150468
14.276210789 -16.360964645
-17.921398213 -5.325400916
10.401681211 -14.951206673
12.486064684 12.854428345
6.627383310 -0.081715142
4.484205657 -0.559269205
5.676072114 12.023370296
0.898845940 1.463211757
-16.175350455 4.872867296
1.952771710 12.594009585
8.178806420 -6.931041606
-7.225770721 -12.725143263
5.697558829 13.470806953
3.829902620 9.841414179
14.424176247 7.032848502
-5.461885834 -9.367029526
-5.410283228 12.785246692
11.107147208 1.523322493
12.271125652 -14.478014432
13.095647896 -13.500427185
10.274723608 -16.524714820
9.743426288 -16.858872734
-18.509154755 1.542135074
-22.596752901 2.443163902
-22.062368882 2.316861642
8.496925688 8.006698560
-1.690947112 9.659248384
-22.439660183 1.727334971
15.362268841 -15.588741135
9.862428305 -14.683248569
-20.597769526 3.086870208
9.276100034 7.772454972
18.321820517 6.178482342
-12.289657266 9.647235867
9.255936355 -1.766520255
8.286588013 -7.829212592
-8.593819241 5.759399125
11.616649442 -15.401642799
2.963806672 -9.814318922
11.972769519 -16.107009163
7.951961651 8.071831274
-8.370126152 15.553338057
20.930881311 8.218518617
-7.774630681 -5.446812153
7.905325480 -0.995383754
18.198943945 12.503247285
1.974370817 5.696693252
10.131849760 14.156071204
19.219412405 12.248816256
-0.291048932 -1.231992621
